S1001    335    1    61    2  
S1002    217    1    52    1  
S1003    511    1    55    2  
S1004    600    0    61    2  
S1005    321    1    58    2  
S1006    299    0    55    2  
S1007    336    0    59    2  
S1008    176    1    53    2  
S1009     18    1    53    2  
S1010    128    1    69    2  
S1011     72    1    60    2  
S1012    112    1    67    2  
S1013    102    1    64    1  
S1014    600    0    62    2  
S1015    600    0    55    1  
S1016    294    1    58    2  
S1017    144    0    69    2  
S1018    357    1    63    1  
S1019    268    1    56    1  
S1020    134    1    64    1  
S1021    600    0    69    2  
S1022     43    1    68    2  
S1023     23    1    53    1  
S1024    114    1    54    2  
S1025     27    1    60    2  
S1026      6    1    62    1  
S1027    370    1    64    1  
S1028    600    0    63    2  
S1029    377    0    61    1  
S1030    302    1    51    1  
S1031    600    0    54    2  
S1032    600    0    61    2  
S1033    240    0    69    1  
S1034    600    0    53    2  
S1035    317    0    70    2  
S1036    600    0    51    2  
S1037    316    1    61    1  
S1038    118    1    63    2  
S1039    600    0    56    2  
S1040    197    1    67    1  
S1041    600    0    64    2  
S1042    600    0    62    2  
S1043    432    1    59    2  
S1044    600    0    65    2  
S1045    506    1    51    2  
S1046    235    1    57    1  
S1047     12    1    67    1  
S1048    417    1    62    1  
S1049    192    0    61    2  
S1050    101    1    57    2  
S1051    418    1    60    2  
S1052    600    0    55    1  
S1053    600    0    59    1  
S1054    475    0    62    2  
S1055     99    1    63    1  
S1056     58    1    58    2  
S1057    115    1    64    1  
S1058     32    1    64    2  
S1059     63    1    62    1  
S1060    600    0    61    2  
S1061    507    1    69    2  
S1062    206    1    60    1  
S1063    367    0    60    1  
S1064      5    1    57    1  
S1065    600    0    61    2  
S1066    118    1    55    2  
S1067    185    0    54    1  
S1068     60    1    69    2  
S1069     61    1    69    1  
S1070     35    1    62    1  
S1071    547    0    53    1  
S1072    500    1    67    2  
S1073    305    1    55    1  
S1074    566    1    56    2  
S1075    388    1    59    1  
S1076     51    1    60    1  
S1077    345    1    61    2  
S1078    387    1    66    2  
S1079    130    1    59    1  
S1080     94    1    61    2  
S1081     91    1    56    2  
S1082    600    0    53    1  
S1083    254    1    65    2  
S1084     67    1    68    1  
S1085     46    1    69    1  
S1086     64    1    62    1  
S1087    600    0    60    2  
S1088    600    0    56    2  
S1089    233    1    70    1  
S1090     13    1    60    1  
S1091     38    0    67    2  
S1092    156    1    64    2  
S1093    600    0    56    2  
S1094    110    1    62    1  
S1095    592    1    53    1  
S1096    198    1    70    1  
S1097    583    1    62    1  
S1098    188    1    57    1  
S1099     78    1    66    1  
S1100    345    1    64    2  
S1101     93    1    65    1  
S1102    600    0    52    2  
S1103    600    0    62    1  
S1104    147    0    67    2  
S1105     18    1    69    2  
S1106     35    1    52    1  
S1107    168    1    63    1  
S1108     68    1    54    1  
S1109    600    0    66    1  
S1110    600    0    52    2  
