id age male race_aa center diabcase timediab dead timedeath bmi hdl_c il6
A1001  52  0  0  M  0  1047  -1    -1  22.07  31    1.32
A1002  47  1  0  M  0  3261   0  6934  28.62  56    1.83
A1003  49  0  0  M  0  3205   0  7011  26.03  66    1.38
A1004  63  0  1  J  1   170   0  6934  36.93  43    2.79
A1005  52  1  1  J  0  3130   0  7472  27.04  63    1.72
A1006  48  0  0  W  1  2975   0  7435  24.54  28    3.38
A1007  64  0  0  F  0  3218   1  5559  24.49  55    1.91
A1008  46  0  1  J  1   631   0  7133  30.14  66    2.40
A1009  47  0  1  J  1   223   0  7554  38.57  49    1.74
A1010  54  1  0  W  0  3476   0  6178  23.63  39    1.96
A1011  52  0  1  J  0  1112  -1    -1  25.59  58    1.98
A1012  62  0  1  J  1   947   1  3601  27.43  43    3.92
A1013  50  1  1  J  1  3283   0  6780  29.18  35    2.24
A1014  56  0  1  F  1  3035   1  3873  24.34  70    1.48
A1015  62  1  0  F  1   387   1  3810  24.62  39    3.78
A1016  51  1  0  M  1  1029   0  6700  29.50  45    1.87
A1017  47  0  1  J  0  3139   0  7478  30.57  42    2.38
A1018  49  0  1  J  0  3634   0  7101  28.40  63    2.50
A1019  52  0  1  J  1   193   1   801  38.10  66    0.48
A1020  51  0  0  M  0  3293   0  7446  20.87  51    1.28
A1021  57  1  1  J  1  1551   1  5657  41.78  54    5.02
A1022  55  0  1  F  1   725   0  7031  31.96  52    3.54
A1023  57  0  0  W  1  2370   0  7136  23.95  51    1.27
A1024  50  0  1  J  0  3214   0  7158  41.24  44    4.08
A1025  56  1  0  F  1   990  -1    -1  20.40  69    7.07
A1026  48  0  1  J  1  1544   0  7217  23.38  55    1.66
A1027  50  1  0  M  1  2828   0  7122  29.09  57    2.27
A1028  56  1  0  F  0  3197   0  5577  29.69  20    1.08
A1029  53  1  1  J  0  3234   0  7592  23.35  93   24.84
A1030  54  0  0  M  0  3263   0  7074  24.21  67    0.63
A1031  47  0  1  J  1   852   1   505  27.88  67    1.04
A1032  47  0  0  F  0  3297   0  7416  20.10  71    1.08
A1033  58  0  1  J  1   128   0  6779  30.75  57    2.91
A1034  53  0  1  J  0  3135   1  7505  23.37  51    2.57
A1035  46  0  0  W  0  2343  -1    -1  23.82  71    4.94
A1036  55  1  1  J  0  3168   0  6863  31.91  50    6.49
A1037  45  1  1  J  1   340   0  7366  31.51  31    5.25
A1038  50  0  1  J  0  3181   1  7285  26.69  68    1.57
A1039  52  0  0  W  1  1304   0  6759  30.19  44    3.30
A1040  64  0  1  J  1  3206   0  7535  38.91  27    3.13
A1041  49  1  0  F  1   917   0  4796  33.02  36    2.53
A1042  62  1  0  W  1    81   1  3957  31.34  36    1.34
A1043  52  0  0  W  0  3287   0  6626  27.87  57    3.10
A1044  58  0  0  F  1  1153   1  5025  31.01  53    1.78
A1045  49  0  0  M  0  3923   0  6627  22.65  36    1.16
A1046  46  1  0  M  1  1072   0  7305  27.70  49    1.68
A1047  52  0  1  J  0  3138   0  6853  31.67  33    5.05
A1048  51  0  0  W  0  3297   0  7326  23.31  72    1.02
A1049  53  1  1  F  0  2101  -1    -1  24.14  40    1.37
A1050  53  0  1  J  1  2529   0  7102  29.87  62    2.99
A1051  48  0  1  J  0  2100  -1    -1  29.41  69    2.73
A1052  50  0  1  J  0  3187   0  6844  23.51  64    1.99
A1053  48  1  0  M  0  3235   0  7333  26.27  51    5.08
A1054  62  0  0  W  0  3227   0  6857  21.13  66    3.03
A1055  58  0  0  F  0  2128  -1    -1  24.47  64    0.99
A1056  54  1  0  W  1  3083   1  6365  27.21  68    1.20
A1057  57  0  0  W  1   625   0  6647  27.15  59    3.86
A1058  49  0  1  J  1    37   1  5226  39.49  34    4.10
A1059  50  0  0  F  0  3236   0  4408  22.23  53    0.61
A1060  48  1  1  J  1  1812   1  1468  52.36  55    9.04
A1061  45  0  0  W  0  3250   0  7031  26.57  92    4.28
A1062  52  0  1  J  0  2038  -1    -1  32.53  37    1.81
A1063  60  0  0  F  1   542  -1    -1  18.99  41    1.47
A1064  61  0  1  F  1   545  -1    -1  25.49  50    4.25
A1065  49  1  0  F  1  2929   1  4600  23.94  56    1.24
A1066  52  0  0  W  0  3331   0  6666  24.25  81    1.50
A1067  50  1  0  W  0  2349  -1    -1  27.92  68    1.64
A1068  53  1  0  M  0  3260   0  7446  22.89  49    0.63
A1069  45  0  1  J  1  1033   1  3552  49.59  39    3.36
A1070  49  0  1  J  0  3266   1  5945  34.89  59    3.02
A1071  64  0  1  J  0  3272   1  6118  40.68  62    1.85
A1072  61  0  1  J  1   691   1  5026  38.84  54    1.49
A1073  59  0  0  W  1   250   1  5591  33.38  31    2.83
A1074  59  0  1  F  0   980  -1    -1  27.55  63    1.02
A1075  59  1  0  W  1    89   1  4149  34.34  42    2.77
A1076  54  1  0  M  0  1077  -1    -1  24.84  44    2.61
A1077  52  1  1  J  1   466  -1    -1  26.57  44    1.96
A1078  61  1  1  J  0  3107   1  5968  26.35  43   17.65
A1079  45  1  0  F  0  3268   0  6794  26.81  47    4.11
A1080  53  0  0  M  0  3241   0  6718  23.37  84    1.66
A1081  62  1  1  F  1   844  -1    -1  35.18  51    5.91
A1082  45  0  0  W  1  1879   1  7033  22.29  53    3.60
A1083  61  1  0  F  0  3215   1  6174  27.66  31    1.45
A1084  47  0  1  J  0  3180   0  7458  35.22  47    2.05
A1085  53  0  0  M  0  3255   0  7242  27.18  83    0.83
A1086  45  0  1  J  1  1043  -1    -1  49.47  55    9.32
A1087  52  1  1  F  0  3308   0  6029  19.74  39    1.07
A1088  52  1  1  J  1  2358   1  3144  23.35  32    2.20
A1089  45  0  0  F  1  1068   1  3354  25.32  36    4.22
A1090  63  0  0  M  1  1832   1  3092  35.41  42    3.37
A1091  45  0  0  F  1   696   0  7032  30.22  39    3.01
A1092  52  0  1  J  0  3278   1  3055  39.61  53    2.19
A1093  53  0  1  J  1  2600   0  6746  24.81  54    1.70
A1094  59  0  0  W  1   723  -1    -1  25.15  56    4.87
A1095  46  0  1  F  0  3198   0  6990  29.38  47    9.80
A1096  50  0  0  M  0  3288   1  2890  24.54  63    2.10
A1097  58  0  0  M  1   802   1  6865  37.90  42    2.01
A1098  57  0  0  M  1  1531   1  3537  33.68  65    2.93
A1099  59  0  0  F  1  2221   0  6928  25.91  34    3.25
A1100  56  0  1  J  1   588   1  2839  25.38  49    3.63
A1101  47  1  1  J  0  3522   1  4255  25.17  47    1.02
A1102  53  1  0  F  1  3056   1  4708  29.01  34    2.54
A1103  61  0  0  F  0  3228   0  6694  23.75  42    4.46
A1104  46  0  0  F  1  2876   0  7008  23.71  65    0.63
A1105  53  0  0  M  1   709  -1    -1  31.24  42    5.28
A1106  49  1  1  J  0  2118   0  7221  26.90  52    2.14
A1107  64  1  0  M  1  1567   0  7401  25.62  42    3.07
A1108  63  0  0  F  1   593  -1    -1  23.87  39    7.70
A1109  50  1  1  J  0  1232   1  4555  30.20  44    3.39
A1110  53  1  0  M  0  3325   0  7565  28.72  46    3.94
A1111  46  0  1  J  0  3134   0  7024  24.42  66    1.37
A1112  47  1  0  W  0  1092  -1    -1  23.54  32    1.28
A1113  45  0  0  F  1  1168   1  3229  30.39  45    3.32
A1114  50  1  0  F  0  3228   0  7108  28.82  39    1.87
A1115  48  0  0  M  1  2067   0  6735  26.95  57    1.80
A1116  48  0  1  J  1   862  -1    -1  38.60  55    3.18
A1117  55  0  1  J  1   724   0  7031  31.05  79    1.25
A1118  47  0  1  J  1   707   0  7367  30.47  55    3.50
A1119  48  0  1  F  0  3213   0  6788  23.47  55    2.77
A1120  49  1  1  J  1   625   0  6899  21.71  38    1.22
A1121  46  1  0  W  1  1821   0  6835  28.98  27    2.45
A1122  50  0  1  J  1  1893   0  7326  36.00  74    1.57
A1123  57  1  0  W  1   507   1  3045  37.30  30    4.74
A1124  54  0  0  M  0  3316   1  6963  34.63  53    4.44
A1125  48  0  1  J  0  3288   0  6589  22.07  76    2.37
A1126  53  0  1  J  1  3055   1  2661  33.43  53    4.67
A1127  46  0  0  F  0  3203   0  5103  21.21  70    1.42
A1128  51  0  0  M  1   806   1  1223  27.68  28    2.27
A1129  48  1  0  W  1  1452   1  6858  26.72  37    4.69
A1130  53  0  1  F  1   389   1  6656  39.63  40    2.43
A1131  45  0  0  F  0  3303   0  5124  26.43  49    2.47
A1132  49  1  1  J  0  3162   0  7455  27.28  48    5.05
A1133  53  1  0  W  0  3231   1  6872  30.50  34    0.78
A1134  60  1  0  M  1  2306   0  6857  25.25  35    1.63
A1135  47  1  0  W  0  3462   1  5611  31.61  44    1.98
A1136  45  0  1  F  0  2205   1  7121  36.61  50    2.72
A1137  52  1  0  M  1    93  -1    -1  26.92  31   21.68
A1138  58  0  0  W  0  3858   1  5642  34.92  49    1.76
A1139  46  1  1  J  0  3169   1  6567  24.64  67    1.70
A1140  47  0  1  J  1  2189   0  6784  43.10  65    1.79
A1141  49  1  1  J  1  2679   0  7207  24.66  62    9.09
A1142  50  0  1  J  1   237   1  5662  37.06  66    7.34
A1143  58  0  1  J  1   809   1  4401  34.89  54    1.54
A1144  57  1  0  W  0  3263   0  7129  23.33  48    3.26
A1145  54  0  0  M  1  2744   0  6793  24.28  46    1.84
A1146  45  0  1  J  0  3140   0  7521  27.19  45    2.20
A1147  49  1  1  J  1  1949   0  6792  31.63  47    2.60
A1148  53  0  1  J  1  2311   1  4036  42.62  68    2.53
A1149  45  1  1  J  1  1033   1  6911  33.22  52    0.92
A1150  46  0  0  F  0  3198   0  7528  20.24  59    1.87
A1151  55  0  0  M  0  3216   0  6718  20.95  64    0.88
A1152  47  0  1  J  0  3132   0  6792  22.89  53    1.57
A1153  63  0  0  F  1   913   1  4007  35.07  47    1.44
A1154  61  0  1  J  1  1412   1  4446  37.40  52    2.14
A1155  62  0  0  M  0  3232   0  7102  23.21  89    0.77
A1156  57  0  0  W  1  2644   0  6822  27.31  40    0.79
A1157  53  0  1  J  0  3130   1  4904  29.71  40    0.70
A1158  47  0  0  F  1   855   0  4151  26.55  83    3.46
A1159  55  1  0  W  1    41   1  3107  23.54  64    1.48
A1160  45  0  1  F  1  1747   0  7291  24.56  57    0.67
A1161  45  0  0  F  0  3369   0  7197  26.53  33    2.01
A1162  56  0  1  J  0  1624  -1    -1  33.20  51    1.54
A1163  49  0  0  M  0  3377   0  6627  23.73  61    1.46
A1164  52  0  0  W  0  3275   1  4867  26.88  57    1.86
A1165  46  1  1  J  1   161  -1    -1  29.78  33    2.96
A1166  53  1  0  M  0  3230   0  6907  27.05  45    9.75
A1167  48  1  1  J  1   770   1  3275  29.32  48    1.13
A1168  64  1  1  J  1   212  -1    -1  31.09  64    2.85
A1169  47  0  1  J  0  3150   0  6906  18.88 100    5.11
A1170  49  0  1  J  0  3139   0  7149  41.38  39    4.09
A1171  56  1  1  F  1  2646   0  6763  31.07  44    2.25
A1172  45  1  1  J  1   897   1   544  31.36  39    1.35
A1173  45  1  1  J  0  3276   0  7156  26.54  60    1.42
A1174  50  1  1  J  0  3174   0  6839  29.86  79    1.95
A1175  46  1  1  J  1  1564   0  7334  25.49  35    7.15
A1176  54  0  0  F  0  3509   0  7050  28.90  53    4.46
A1177  46  1  1  J  0  3138   0  6940  22.82  38    3.72
A1178  62  1  0  W  0  3249   1  4761  23.92  43    1.94
A1179  63  0  0  F  1   763   0  6751  20.17  43    1.52
A1180  58  0  0  M  0  3295   0  7634  19.92  77    0.73
A1181  45  0  0  F  0  3282   0  7599  42.93  28    5.55
A1182  48  0  0  F  1  1792   0  7481  25.16  93    1.57
A1183  56  1  0  M  0  3334   0  6554  29.22  40    2.92
A1184  46  0  1  J  1  1710   0  7413  45.90  50    4.11
A1185  56  1  0  M  0  3309   1  5697  30.35  31    3.57
A1186  49  1  0  W  1   229   0  7520  31.85  38    1.29
A1187  61  0  0  F  1  2323   0  6856  38.45  48    3.04
A1188  54  0  0  W  1   507   0  6833  35.32  37    1.97
A1189  47  0  0  F  0  3325   1  5074  19.65  54    5.35
A1190  46  1  1  J  0  3117   0  7234  21.86  60    0.79
A1191  46  1  0  F  1   234   0  7540  25.83  37    1.96
A1192  47  0  0  F  0  3248   1  1425  22.75  56    2.17
A1193  46  0  1  J  1  1710   0  6006  44.65  65    4.54
A1194  58  0  0  F  1  3060   1  1094  27.06  43    1.39
A1195  45  0  0  F  1   931  -1    -1  25.62  47    3.66
A1196  60  0  0  W  0  3324   0  7341  23.49  85    1.20
A1197  47  0  1  F  0  3301   0  7196  23.53  44    1.22
A1198  51  0  0  F  1   749  -1    -1  25.11  35    2.43
A1199  48  0  1  J  1   908  -1    -1  36.00  53    3.36
A1200  60  1  0  F  1  1567   1  6234  22.65  32    0.97
A1201  56  0  1  J  0  2338  -1    -1  25.35  93    1.51
A1202  60  0  1  F  1   313   1  2062  29.44  55    2.55
A1203  47  0  1  J  1   961   0  7052  35.33  39    2.00
A1204  47  1  1  J  1   364   1  4714  29.83  31    1.52
A1205  45  0  1  J  0  3165   0  7301  24.53  65    0.93
A1206  48  0  1  J  1  3283   1  5354  33.81  52    3.39
A1207  47  0  1  J  1  1901  -1    -1  47.59  51    3.26
A1208  50  1  0  M  1  2647   1  4920  31.29  31    3.00
A1209  51  1  0  M  1  1333   1  1719  32.21  28    3.68
A1210  53  0  0  M  0  3279   0  7519  19.71  67    1.13
A1211  46  0  1  J  0  3194   0  7469  26.07  55    1.21
A1212  55  1  0  W  1  1630   0  5776  25.22  47    1.78
A1213  47  1  0  M  0  3332   0  7073  31.49  46    7.25
A1214  56  0  1  J  1   578  -1    -1  42.94  62    2.61
A1215  46  0  1  J  1   293   0  7247  34.11  56    2.86
A1216  48  1  1  J  0  2024  -1    -1  30.81  51    4.27
A1217  63  1  0  F  0  3431   1  1455  20.76  45    1.78
A1218  49  0  0  W  1  3219   0  6778  29.70  39    1.21
A1219  48  0  0  W  1  1084   0  7113  23.12  69    1.10
A1220  60  0  0  W  1   789   1  6618  28.40  39    1.61
A1221  48  0  1  J  1  1835   0  7201  31.56  59    1.02
A1222  64  0  1  J  1  2436   1  1499  29.44 108    1.26
A1223  57  1  0  M  1   941   0  7170  31.11  39    5.90
A1224  50  1  0  M  0  3297   0  7390  19.88  65    2.16
A1225  50  0  1  J  1  1088   0  7226  27.22  54    1.68
A1226  53  1  0  M  1   333   1  6083  31.27  43    1.10
A1227  47  0  1  J  1  2299   0  7058  32.56  28    2.91
A1228  47  0  1  J  1   624   1  4974  33.49  52    1.34
A1229  63  1  0  F  0  2380  -1    -1  25.26  70    1.33
A1230  54  1  1  J  0  3455   0  7444  24.82  50    0.97
A1231  54  0  0  W  0  3271   0  7551  25.52  48    2.72
A1232  52  0  0  M  1  1212   0  7593  24.85  43    1.14
A1233  45  1  0  M  1  1728   0  7170  31.77  26    2.45
A1234  49  0  1  J  1  2507   1  1722  23.09  40    2.55
A1235  58  1  0  F  1  3244   1  4967  23.41  42    1.78
A1236  58  0  1  F  0  2144  -1    -1  26.73 102    1.83
A1237  53  1  0  F  0  3210   1  3044  25.82  93   23.16
A1238  45  0  1  F  0  3776   0  6641  39.77  49    3.14
A1239  61  0  0  F  0  3241   1  3736  25.63  55    1.73
A1240  45  0  0  W  0  3472   0  6746  26.02  46    1.80
A1241  49  0  0  F  1   655   1  1595  34.05  44    2.22
A1242  45  0  0  M  0  3295   0  7584  25.95  53    1.82
A1243  55  0  0  W  0  3249   1  5954  24.03  50    1.54
A1244  61  1  0  M  1  1617   1  5821  26.68  31    2.07
A1245  63  1  1  J  1   791  -1    -1  21.51  53    3.64
A1246  49  1  1  F  1  1562  -1    -1  34.82  35    1.95
A1247  54  1  0  W  0  3247   0  6701  25.66  65    1.50
A1248  47  0  0  F  0  3255   0  7537  25.13  65    1.57
A1249  57  1  1  J  0  3124   1  1522  25.68  51    1.46
A1250  61  1  0  M  1  1082  -1    -1  30.99  43    5.45
A1251  49  1  0  F  0  3206   0  7087  21.57  62    0.90
A1252  58  0  1  J  0  3457   1  6464  34.89  55    2.28
A1253  51  0  1  J  1   515   0  7078  26.42  45    2.42
A1254  48  1  1  J  1  2727   1  4269  30.55  38    1.56
A1255  51  0  0  F  0  3185   0  7493  21.77  62    0.97
A1256  53  0  0  W  1  2017   1  2478  25.46  56    2.00
A1257  48  0  0  M  0  3280   0  6672  24.78  40    1.48
A1258  51  1  0  F  0  3247   0  6952  25.09  39    0.84
A1259  59  0  1  J  0  2199  -1    -1  30.71  62    1.46
A1260  54  0  1  J  0  3724   1  6307  26.50  47    2.25
A1261  47  0  0  W  1  3090   1  6072  35.49  37    3.97
A1262  49  1  0  W  0  3284   0  7367  28.15  45    1.07
A1263  63  0  1  J  1    78   1  7053  26.90  64    2.15
A1264  45  1  0  F  0  3236   0  7192  29.85  40    1.01
A1265  48  1  1  J  0  3121   0  7473  32.80  52    2.43
A1266  46  1  0  F  0  3199   0  7352  24.97  42    2.20
A1267  45  0  1  F  1   656   0  7054  41.37  54    3.31
A1268  47  0  1  J  1   438   0  7264  35.97  56    2.86
A1269  45  0  0  M  0  3478   0  6466  24.43  63    5.42
A1270  46  1  1  J  0  3215   1  6146  20.57  85    1.75
A1271  59  0  0  F  1   806  -1    -1  25.17  90    3.68
A1272  61  0  0  F  0  3220   1  6131  23.26  62    2.25
A1273  53  1  0  W  1  2281   0  6646  33.93  24    1.45
A1274  54  1  1  J  0  3255   1  3885  27.37  52    1.80
A1275  48  1  1  J  0  3116   0  7134  27.52  47    2.25
A1276  62  0  0  M  0  3235   0  7093  28.58  51    1.60
A1277  60  0  1  J  1   624   0  6577  31.31  43    1.67
A1278  49  0  1  J  0  3335   0  6783  26.05  57   20.60
A1279  55  0  0  F  0  2072  -1    -1  23.69  67    1.12
A1280  52  1  0  F  0  3222   1  5472  31.97  40    1.43
A1281  60  1  1  J  0  3153   1  2761  29.78  49    2.96
A1282  56  1  1  F  1   723  -1    -1  24.00  37    1.06
A1283  53  1  1  F  1   156  -1    -1  29.63  48    0.76
A1284  46  1  0  W  0  3245   0  7029  26.85  37    3.96
A1285  46  1  0  W  1   777   0  7417  32.93  45    1.50
A1286  60  1  0  F  0  3258   1  4019  20.26  46    2.25
A1287  49  0  1  F  1  3266   0  7548  52.22  87   19.91
A1288  60  1  0  W  1   914   0  7276  28.58  42    1.40
A1289  53  0  1  J  1   743   0  7539  25.45  50    0.50
A1290  47  0  1  J  1   579  -1    -1  33.25  57    2.49
A1291  49  0  0  M  1  1132   1  6630  36.55  46    3.82
A1292  53  0  0  M  0  3249   0  7416  27.27  76    1.90
A1293  45  1  0  F  0  3353   0  6687  33.81  45    1.16
A1294  54  0  1  J  1  1099  -1    -1  28.76  61    1.77
A1295  47  0  1  J  1   839   0  7528  35.73  59    5.56
A1296  55  0  0  F  1   625   1  7240  34.98  48    4.43
A1297  54  1  0  W  1  1126   1  1035  30.48  31    6.78
A1298  47  0  0  F  0  1028  -1    -1  24.64  58    1.84
A1299  51  0  1  F  1   947   0  7064  32.96  41    7.10
A1300  48  1  0  W  0  3282   1  5531  29.15  27    2.89
A1301  60  0  1  J  0  3231   0  7108  25.35  39    1.64
A1302  45  0  1  J  0  3288   0  7599  28.72  63    1.84
A1303  64  0  1  J  0  3207   0  7263  38.65  69    1.58
A1304  48  0  0  W  0  3319   0  7624  20.70  55    1.08
A1305  61  0  0  F  1   141   0  7031  30.06  39    3.50
A1306  45  1  0  M  1  2605   0  1437  28.27  47    1.92
A1307  57  1  0  M  0  3229   0  7176  24.98  36    4.91
A1308  53  0  0  W  0  3230   1  5845  36.35  50    1.88
A1309  62  0  1  J  0  1007  -1    -1  31.43  34    3.20
A1310  61  0  1  J  1  1092  -1    -1  36.80  72    1.29
A1311  49  1  0  F  0  3186   0  7361  28.52  45    2.28
A1312  57  1  0  W  0  3250   0  7128  23.88  40    0.54
A1313  57  0  0  M  1  1121  -1    -1  26.25  48    2.75
A1314  55  0  0  W  0  3286   0  6638  24.59  54    0.64
A1315  49  1  0  M  0  3247   0  7166  28.69  31    1.74
A1316  45  1  0  F  1  1450   0  7387  21.75  44    1.16
A1317  51  0  0  M  1  3203   0  7235  22.05  62    2.04
A1318  59  0  0  F  0  3197   0  6912  22.14  29    2.21
A1319  55  1  0  M  1  2811   1  1402  25.38  34    0.71
A1320  52  1  0  F  0  3220   1  4411  29.72  36    1.13
A1321  56  0  0  M  1  2926   1  3401  34.09  74    2.35
A1322  46  1  0  F  0  3252   0  7207  22.12  58    1.42
A1323  49  1  1  J  0  3236   0  7583  27.82  45    1.34
A1324  53  1  1  J  1  2115   1  4537  24.24  72    0.76
A1325  53  0  0  W  1  2149   1  7061  30.13  74    2.53
A1326  57  1  0  M  1  2472   1  4975  30.28  45    2.49
A1327  45  0  0  M  0  3226   0  7264  29.69  65    9.26
A1328  62  1  0  M  0  3269   0  7040  31.63  36    1.76
A1329  45  0  1  J  0  3122   0  6788  30.97  51    2.50
A1330  47  0  1  J  1  1177   0  7404  31.04  52    1.12
A1331  64  1  0  W  0  3248   0  7234  26.54  48    1.72
A1332  47  0  0  W  0  3266   0  6991  27.79  38    2.32
A1333  63  0  1  F  0  3515   1  3860  36.00  39   14.74
A1334  55  1  0  M  1   624   0  6792  38.49  39    3.00
A1335  56  0  0  F  1   511   1  3875  26.11  42   23.21
A1336  46  0  0  F  0  1139  -1    -1  26.67  46    1.72
A1337  56  0  1  J  1  1324   0  7096  25.17  83    0.94
A1338  60  0  0  W  0  3223   1  6931  32.85  40    1.47
A1339  47  0  0  W  1   919   0  7035  40.53  46    5.65
A1340  45  0  0  W  0  3255   1  6592  22.45  36    2.33
A1341  52  0  0  M  1  2324   0  7621  31.00  66    1.68
A1342  45  0  1  F  1  3213   0  6815  37.28  77    6.83
A1343  45  0  0  M  0  3218   0  7102  22.00  71    1.43
A1344  55  0  1  J  1   145   0  7535  25.54  67    2.50
A1345  45  0  1  J  1    28   0  7445  33.50  62    1.33
A1346  50  0  1  J  0  3123   0  6812  30.16  46    1.08
A1347  61  0  0  F  0  3228   0  7380  21.01  55    4.03
A1348  45  0  0  F  0  3258   0  7378  26.41  66    2.22
A1349  45  0  0  F  1  3208   0  7130  30.02  51    1.58
A1350  60  0  1  F  0  2116  -1    -1  39.83  59    2.44
A1351  45  0  1  J  0  3166   0  6979  38.10  47    3.43
A1352  48  0  1  J  0  3191   0  6840  35.60  40    6.16
A1353  53  1  0  F  1  3196   1  7248  25.87  44    1.32
A1354  45  0  1  J  1  1015   0  7367  55.47  68    2.52
A1355  54  1  1  J  0  3151   0  6980  24.41  57    0.86
A1356  49  0  0  W  1   881  -1    -1  28.77  65    3.41
A1357  57  1  0  M  0  3247   1  1742  24.03  58    9.60
A1358  51  0  0  M  0  3227   0  6646  28.41  68    1.24
A1359  57  0  1  J  0  1225  -1    -1  29.49  33    3.92
A1360  50  0  0  W  0  3274   0  7374  31.18  39    2.23
A1361  50  0  0  M  1  2986   0  6854  30.89  43    5.16
A1362  60  0  1  J  1    62   0  6812  31.96  36    5.66
A1363  64  0  0  W  1   329   1  1985  33.44  32    2.12
A1364  51  0  1  J  1  2801   0  7072  45.26  47    3.52
A1365  53  0  1  J  0  3488   1  4821  26.50  47    6.56
A1366  62  0  1  J  0  3127   1  7060  41.21  67    3.33
A1367  61  0  0  F  1  1535   0  7389  34.48  56    2.67
A1368  50  0  1  J  1  1030   1  2674  30.93  58    3.07
A1369  64  1  0  F  1  1059   1  1660  28.60  28    3.98
A1370  47  1  0  M  0  3230   0  7456  27.06  40    3.65
A1371  61  1  0  W  1   833   1  3254  34.32  44    4.60
A1372  49  0  0  F  1   677  -1    -1  36.84  36    2.45
A1373  49  0  1  J  0  3123   0  6863  28.23  91    1.01
A1374  54  1  0  W  1  2679   0  7598  29.96  36    3.32
A1375  49  0  1  J  1  2701   0  6890  30.11  79    2.00
A1376  53  1  0  F  1  2847   0  7500  32.19  28    5.67
A1377  51  0  1  J  0  3144   0  5521  26.87  55    4.15
A1378  48  0  0  F  0  3250   0  6917  21.85  42    2.00
A1379  56  0  1  J  1   242   0  6940  25.81  81    4.40
A1380  62  0  0  M  0  3305   0  6878  31.60  40    3.79
A1381  46  0  0  W  0  2150  -1    -1  40.16  38    2.96
A1382  48  0  1  J  0  3200   0  6807  23.19  93    0.95
A1383  59  0  0  F  0  3199   0  6917  22.86 109    6.56
A1384  54  0  1  J  0  3136   0  7471  25.65  78    1.93
A1385  64  0  0  M  0  1099  -1    -1  30.42  41    5.15
A1386  62  0  1  J  0  2044  -1    -1  22.62 117    1.98
A1387  55  1  1  J  0  3137   1  3149  26.71  49    5.89
A1388  54  1  1  J  0  3668   0  6615  25.54  46    4.20
A1389  46  0  0  F  0  2124  -1    -1  23.66  65    1.21
A1390  59  0  0  W  0  3275   1  6310  23.83  54    2.38
A1391  62  1  0  M  0  1231  -1    -1  24.02  44    1.01
A1392  60  1  0  M  1   770   1   942  27.20  40    1.13
A1393  48  0  0  M  0  3254   0  6787  18.09  71    1.04
A1394  47  0  1  J  1    94   0  7147  37.22  35    4.85
A1395  56  1  0  W  1  1881   1  6490  22.63  58    5.58
A1396  59  0  1  J  1   604   0  6879  31.14  34    4.13
A1397  46  1  0  F  0  2110  -1    -1  23.24  74    0.50
A1398  52  0  0  W  0  3276   0  7477  37.78  60    3.26
A1399  56  0  1  J  1   571   1  7061  27.21  73    2.38
A1400  50  0  0  M  1  1007   0  6643  35.48  54    2.51
A1401  46  0  0  W  0  3243   0  7296  21.85  50    1.20
A1402  51  1  1  J  1  1344  -1    -1  28.53  27    1.58
A1403  63  0  0  F  1  1626   1  7304  29.44  66    1.82
A1404  50  0  0  F  0  3208   0  7114  21.84  76    0.77
A1405  50  0  1  J  0  3157   0  7451  23.31  86    1.50
A1406  55  0  1  J  1  1563   1  4265  39.77  50    6.18
A1407  45  0  1  J  0  3619   0  6694  27.54  68    4.45
A1408  61  0  1  F  0  2641  -1    -1  21.08  81    1.81
A1409  56  1  1  J  0  3971   0  6660  29.79  51    3.26
A1410  46  1  0  M  1  1270   1  5865  33.67  33    5.66
A1411  51  0  1  J  0  3257   0  6897  37.23  77    3.93
A1412  58  0  0  M  0  3252   0  7480  27.46  46    2.75
A1413  48  1  0  F  1   970   0  6975  27.22  38    5.29
A1414  53  0  0  W  1   561   0  7198  24.02  65    1.10
A1415  46  0  0  F  0  3490   0  7196  30.80  41    2.93
A1416  57  1  0  F  0  2258  -1    -1  33.65  47    2.59
A1417  54  1  0  W  1   401   1  1010  37.23  34    2.75
A1418  46  1  1  J  1   299   1  6750  20.40  39    8.33
A1419  50  1  0  F  1  2170   0  4528  30.78  27    1.84
A1420  47  1  0  M  1  3040   0  7565  33.11  38    1.89
A1421  47  0  0  W  0  2170  -1    -1  20.87  51    0.93
A1422  49  0  1  J  1  1053   1  4915  49.80  40    4.27
A1423  63  0  1  J  1  1706   1  4507  35.14  52    4.29
A1424  58  1  0  W  0  3285   0  7415  24.62  43    1.23
A1425  64  1  1  J  1   906   1  3083  21.28  85    1.57
A1426  55  0  0  F  1   410   0  6771  27.85  60    1.32
A1427  63  1  0  F  1  2481   1  6849  28.31  33    6.41
A1428  54  0  1  J  0  3174   0  7499  36.08  53    3.96
A1429  52  0  1  J  0  2128   1  6476  35.49  62    2.46
A1430  46  1  1  J  1   931   0  7171  30.58  29    1.55
A1431  45  1  0  F  0  3318   0  6632  26.67  41    6.68
A1432  58  0  1  J  0   995  -1    -1  32.71  39    2.40
A1433  50  0  1  J  1  1895   0  6571  26.97  37    1.71
A1434  53  0  0  M  1  3049   0  6676  25.97  38    1.49
A1435  58  0  1  J  1   973  -1    -1  34.02  52    3.58
A1436  49  0  1  J  0  3114   0  7186  24.54  79    2.73
A1437  49  0  0  W  0  3234   0  7242  26.19  97    1.55
A1438  64  0  0  F  0  3410   0  5625  26.04  48    2.18
A1439  55  0  0  M  1  2065   1  5611  35.76  50    2.03
A1440  49  1  0  W  0  3263   0  6757  26.71  28    1.16
A1441  45  1  1  J  0  3155   1  3444  19.82  73    2.45
A1442  45  0  1  J  1   446  -1    -1  45.80  50    3.27
A1443  63  1  0  W  1  2307   1  3852  24.42  35    7.61
A1444  53  1  0  F  1   809  -1    -1  30.13  34    2.66
A1445  49  1  1  F  0  3228   0  6779  29.24  77    1.38
A1446  56  1  0  F  1  2177  -1    -1  36.30  34    2.57
A1447  64  1  0  F  0  3294   1  3827  27.02  33   10.61
A1448  48  1  1  J  0  3145   0  6746  29.68  53    4.03
A1449  59  0  0  F  0  3354   0  6793  22.60  54    0.83
A1450  45  0  1  J  1  1411   0  7149  27.36  51    2.23
A1451  45  0  1  J  1  2129   0  7567  30.44  65    3.11
A1452  46  0  1  J  0  3151   0  7303  29.31  50    4.01
A1453  49  0  0  M  0  3240   1  2391  25.28  49    0.57
A1454  57  1  0  F  1   352   1  2808  24.52  36    1.22
A1455  46  0  0  M  0  3370   0  6652  25.75  69    1.86
A1456  54  0  0  W  0  3248   1  1740  24.45  53    1.46
A1457  52  0  1  J  1  1009  -1    -1  27.89  53    2.59
A1458  45  0  1  J  1  2127  -1    -1  33.49  65    1.97
A1459  48  0  1  J  1   743  -1    -1  42.19  45    3.32
A1460  46  0  1  J  1    50   1  6166  26.30  63    1.39
A1461  56  0  0  F  0  3219   0  6990  35.95  62    2.75
A1462  50  1  0  F  0  3177   1  5062  28.73  47    1.27
A1463  49  0  0  W  0  3263   1  5715  37.24  33    4.84
A1464  63  0  1  J  1   476   0  7059  22.48  56    1.25
A1465  49  1  1  J  1   456  -1    -1  28.79  40    2.65
A1466  50  0  1  J  0  3283   0  7235  38.40  33    2.15
A1467  50  0  1  F  0  3458   0  7420  22.31  91    4.01
A1468  54  0  0  F  1  2001  -1    -1  35.67  84    6.22
A1469  51  0  0  W  0  3661   0  6578  36.92  39    2.26
A1470  57  0  0  M  1  2176   1  6035  35.51  43    2.69
A1471  57  0  1  J  1   327   0  7501  29.99  63    1.94
A1472  52  0  1  J  0  2331   0  6368  25.57  45    1.65
A1473  46  0  1  J  1   504   0  6550  44.91  40    2.91
A1474  52  1  1  F  1  1593  -1    -1  31.49  33    1.98
A1475  51  1  1  J  0  4119   0  6641  22.92  82    1.24
A1476  47  0  1  F  0  3370   0  7624  25.48  68    2.05
A1477  48  0  1  J  1  3030   0  7031  44.17  48    2.06
A1478  46  1  1  J  0  3157   0  7012  30.28  46    0.19
A1479  56  1  0  W  1   595   1   862  29.01  31    2.24
A1480  51  0  1  J  1  2524   0  7549  31.30  52    8.10
A1481  51  1  0  F  0  3163   0  4466  27.04  33    1.34
A1482  52  0  1  J  1  1408   0  7381  27.46  56    1.80
A1483  45  1  0  M  0  3266   0  7460  25.87  45    1.33
A1484  60  1  0  M  1  3126   1  6556  28.67  39    2.57
A1485  50  0  1  J  0  3233   0  6825  35.95  55    0.88
A1486  48  0  0  W  1  2346   1  5430  30.75  29    2.05
A1487  53  1  1  J  1   437   0  7539  29.30  39    2.86
A1488  48  0  1  J  0  3298   1  5176  28.20  81    1.30
A1489  47  0  1  J  1  3159   0  7136  37.49  79    6.61
A1490  62  0  1  J  0  2027  -1    -1  26.63  41    2.20
A1491  49  0  1  J  0  3205   1  6576  28.18  40    5.02
A1492  51  0  1  J  1   616   1  6395  30.76  63    2.15
A1493  53  1  1  J  0  3613   1  3578  24.47  39    0.91
A1494  48  0  1  J  1  1241  -1    -1  33.90  48    5.56
A1495  57  0  1  J  0  3131   1  3293  20.43  77    0.41
A1496  52  0  1  J  1  1413   0  7200  32.66  56    2.16
A1497  61  1  0  W  0  3250   0  6686  29.19  51    1.40
A1498  49  0  1  J  1  1302   0  5290  40.53  59    8.22
A1499  55  1  1  J  0  1009  -1    -1  24.97  62    1.09
A1500  54  0  0  W  0  3237   0  6854  29.46  29    1.08
A1501  62  1  0  F  1  2112   1  4554  38.40  33    2.60
A1502  50  1  0  W  0  3532   1  3571  24.84  36    3.72
A1503  47  0  1  J  1   914   1  6443  24.28  47    1.03
A1504  61  0  1  J  0  2143  -1    -1  34.23  76    3.13
A1505  63  1  0  M  1  1809  -1    -1  30.12  39   12.02
A1506  56  0  0  M  0  2177  -1    -1  20.45  67    1.63
A1507  47  0  1  J  0  3163   1  5803  27.52  73    0.64
A1508  55  0  0  W  0  3286   0  7505  37.57  58    4.18
A1509  45  1  1  J  1   213  -1    -1  36.74  43    3.64
A1510  54  0  0  W  1  1208   1  4871  32.39  53    3.23
A1511  47  0  0  W  0  3313   0  6751  26.40  60    2.91
A1512  55  0  1  J  0  3254   1  7511  25.60  41    3.43
A1513  56  0  0  M  1   946   0  6694  38.41  41    4.08
A1514  48  0  0  W  1   611  -1    -1  41.01  58    2.58
A1515  45  0  1  J  0  3128   0  6779  29.99  69    3.46
A1516  61  1  0  M  1  1016   0  7540  26.70  54    1.11
A1517  45  1  1  J  0  3185   0  6694  32.79  47    2.27
A1518  47  1  0  F  0  3208   0  7036  25.07  46    0.90
A1519  47  0  0  F  0  2245  -1    -1  30.18  61    1.68
A1520  56  1  0  W  1   704   0  7388  26.73  42    1.00
A1521  55  1  0  W  0  3234   0  7100  28.83  45    1.49
A1522  64  1  1  J  1  1275   0  6196  27.56  53    1.18
A1523  58  1  0  F  0  3255   0  7397  27.05  37    2.50
A1524  57  1  0  W  1   607   1  5343  37.40  33    2.69
A1525  51  0  1  J  1    51   0  7551  34.78  39   24.96
A1526  49  1  1  F  1  3044   0  6190  30.32  34    3.75
A1527  51  0  1  J  0  3477   1  4724  25.39  69   13.62
A1528  48  1  0  M  1  1856   0  6886  28.81  46    1.32
A1529  64  0  1  J  1   712   1  5935  25.52  49    1.67
A1530  45  0  1  J  0  3181   0  7310  30.04  58    2.14
A1531  49  0  0  M  0  3329   0  7620  41.87  61    2.03
A1532  45  0  1  J  1   181  -1    -1  33.49  64    3.58
A1533  46  0  0  W  1  1665   0  6637  41.91  48    3.72
A1534  47  0  1  J  1   713   1  6118  20.67  73    0.84
A1535  60  1  0  F  1   780   0  7157  29.46  34    4.55
A1536  57  0  1  F  0  3234   0  6091  24.33  65    2.31
A1537  50  0  0  M  0  3273   0  7193  25.52  58    1.10
A1538  58  0  1  J  1  2785   0  6991  45.23  77    4.13
A1539  52  0  1  J  0  1270  -1    -1  32.05  88    1.88
A1540  59  0  0  W  1   951   1   489  28.23  57    3.24
A1541  62  1  1  J  0  3234   1  1575  20.14 105    1.29
A1542  55  1  0  F  0  3207   0  7534  28.84  41    1.54
A1543  50  0  1  J  1  1316  -1    -1  28.06  83    3.04
A1544  49  1  1  J  0  3192   0  7483  27.06  59    2.43
A1545  55  0  1  J  1  1050   1  5093  35.35  23    2.94
A1546  59  0  0  W  0  3227   1  4444  25.45  53    1.48
A1547  48  0  0  W  1   447   0  6883  42.47  51    4.47
A1548  51  1  0  M  1   516  -1    -1  23.92  42    3.21
A1549  62  1  0  F  0  3302   1  4834  26.12  44    1.02
A1550  46  0  0  M  1   956   0  7064  22.93  50    1.16
A1551  55  0  0  F  1   604   0  7186  26.90  38    1.27
A1552  51  0  1  J  1   918   1  1159  37.01  30    1.39
A1553  56  0  0  M  1  1026   0  6672  33.45  54    2.72
A1554  45  0  1  J  1   234   0  7536  33.42  55    2.72
A1555  63  0  0  W  1  2300   0  6639  33.56 104    2.22
A1556  51  1  0  M  1  1707  -1    -1  37.46  38    3.08
A1557  63  0  0  W  1  2057   1  6950  24.94  65    3.57
A1558  49  0  0  W  0  3219   1  5580  21.58  69    0.62
A1559  52  0  1  J  1  1396  -1    -1  29.60  34    2.04
A1560  49  0  1  J  0  3116   0  7046  25.34  65    1.58
A1561  56  0  1  J  1   242   0  5190  34.73  71    2.17
A1562  45  0  1  F  0  2229  -1    -1  22.92  69    2.71
A1563  56  0  1  J  1   723   1  5586  30.05  42    1.68
A1564  46  0  0  M  0  3228   0  6927  27.13  46    0.75
A1565  64  1  0  M  0  3374   1  4531  25.97  39    1.62
A1566  47  0  1  J  0  3135   1  6520  21.25  65    0.84
A1567  59  0  1  J  0  3122   1  3656  22.02  67    1.46
A1568  51  1  0  W  1  1364   1  7267  31.92  31    3.33
A1569  46  0  0  W  0  3291   0  7305  28.05  54    1.00
A1570  54  1  1  J  0  3202   0  6864  27.13  34   11.76
A1571  46  0  1  J  1  1406   0  7157  25.64  53    1.97
A1572  54  0  0  W  0  2173  -1    -1  26.90  51    2.13
A1573  51  1  1  J  0  3220   1  5923  27.69  41    2.43
A1574  56  0  0  M  1  3159   0  7593  26.65  40    1.46
A1575  53  1  0  M  1  2854   0  7208  26.95  50    0.77
A1576  50  0  1  F  1  1674   0  6966  26.42  91    3.23
A1577  47  1  0  M  1    45   1  5992  30.47  52    2.30
A1578  50  0  1  J  0  3119   0  6937  32.91  72    2.04
A1579  46  1  0  M  0  3253   1  4600  26.12  34    1.43
A1580  46  0  0  W  0  3354   0  7444  23.97  58    1.56
A1581  52  0  0  W  1  1936   0  7150  36.53  38    8.19
A1582  47  1  1  J  1   118   1  6924  34.68  42    0.86
A1583  45  0  1  J  0  3109   0  7128  27.87  88    3.00
A1584  51  0  0  W  1   972   0  7137  27.22  32    3.42
A1585  53  0  1  J  1  2071   1  3317  31.99  49    3.26
A1586  57  0  0  F  0  3230   0  7191  24.54  64    1.32
A1587  52  0  1  J  1   579   0  5794  28.58  36    3.65
A1588  53  1  0  F  1   998   0  7579  31.77  40    5.70
A1589  62  1  0  W  0  3257   1  2046  26.81  38    2.15
A1590  46  0  0  M  0  3356   0  6840  23.96  74    2.98
A1591  63  0  1  J  0  3242   1  5808  29.87 110    2.16
A1592  49  0  0  W  1   475  -1    -1  26.03  43    1.08
A1593  64  0  0  W  1  2188   1   298  22.97  38    2.59
A1594  53  1  0  M  1  2921   0  6913  34.15  50    3.70
A1595  52  1  0  F  1  1466   0  7118  23.54  42    1.50
A1596  57  0  0  M  0  1141  -1    -1  24.58  44    0.74
A1597  55  0  0  F  0  1382  -1    -1  20.89  36    2.97
A1598  52  0  0  M  0  3300   0  7621  30.90  65    5.61
A1599  46  0  0  W  1   182  -1    -1  29.72  36    3.05
A1600  62  0  0  M  0  3259   1  5962  21.64  72    2.13
A1601  49  0  1  J  0  3178   1  3269  19.82 141    2.46
A1602  57  0  0  M  1   216   1  5208  39.51  52    3.47
A1603  54  1  0  M  1   805   1  6192  29.59  26    8.04
A1604  59  1  0  F  1  2201   1  1714  34.38  28    3.18
A1605  47  1  1  J  0  1087  -1    -1  22.30  65    0.69
A1606  56  1  0  M  1  3092   1   292  28.00  39    3.59
A1607  53  0  1  J  1  2568   0  7302  29.64  53    2.80
A1608  59  0  1  F  0  3419   1  2520  28.56  53    5.97
A1609  50  0  1  F  1   961   0  6879  34.85  46    5.12
A1610  56  1  0  M  1  1861   1  1842  27.73  41    3.54
A1611  56  0  0  M  1  1555   0  6603  43.51  41    4.25
A1612  55  1  0  F  1  1326   0  7618  31.14  35    1.38
A1613  57  1  0  M  0  2182  -1    -1  29.47  49    3.55
A1614  61  1  0  F  1  1700   1  6193  29.35  51    1.16
A1615  51  1  0  M  0  3256   1  4640  25.59  53    0.83
A1616  58  0  0  M  0  3262   0  7544  21.57  55    0.89
A1617  46  1  0  W  1   867   0  7401  27.87  30    2.15
A1618  54  0  0  M  1  2180   0  6627  23.94  64    1.32
A1619  62  0  1  J  0  3139   1  3186  24.20  47    2.73
A1620  45  0  1  J  0  3618   0  7058  30.19  51    2.08
A1621  53  0  1  F  0  3207   1  1171  27.66  85    2.40
A1622  59  1  0  M  1   458   0  7187  32.88  36    4.40
A1623  63  1  0  F  1  1251   1  6851  28.26  39    2.79
A1624  47  0  0  M  0  3237   0  7030  25.01  47    1.66
A1625  60  1  0  M  0  3255   1  3179  28.26  31    1.07
A1626  51  0  1  J  1   376   0  7017  33.29  55    5.57
A1627  55  0  1  J  1  2494   1  6139  29.01  61    1.60
A1628  54  1  1  J  0  3241   1  4812  25.25  47    0.94
A1629  55  1  0  W  1  3145   0  7613  27.84  52    2.52
A1630  53  0  0  W  0  3260   0  7284  26.81  54    1.12
A1631  53  0  1  J  0  3121   0  7065  33.32  41   18.98
A1632  52  0  1  F  1   254   1  2619  38.35  59    4.76
A1633  54  1  0  M  1   717   0  6931  31.84  31    2.26
A1634  54  0  0  F  0  3236   0  6645  25.15  70    1.33
A1635  46  0  1  J  1   816  -1    -1  27.20  80    1.33
A1636  51  1  0  M  0  3243   0  6790  26.99  49    1.05
A1637  45  0  0  M  0  3332   0  7591  24.58  57    2.26
A1638  47  1  0  M  1  1519   0  6959  30.42  36    2.16
A1639  52  0  1  J  1  2526   0  6619  35.37  57    2.72
A1640  48  0  0  F  0  3210   0  1174  28.00  69    1.97
A1641  46  0  0  M  0  1106  -1    -1  23.63  63    3.18
A1642  63  1  1  J  1  1378   1   715  23.12  63    1.01
A1643  54  0  0  W  0  3249   0  7220  27.34  49    1.19
A1644  45  0  0  M  1  2751   0  6912  33.42  47    1.09
A1645  62  1  0  W  0  3296   1  3260  22.45  29   11.30
A1646  47  1  1  J  1  2034   0  7166  27.12  46    0.90
A1647  47  0  0  M  1  2652   1  3226  29.51  56    3.85
A1648  51  0  0  F  0  3199   0  7438  24.79  53    2.77
A1649  64  1  1  J  1   737  -1    -1  32.19  54    1.47
A1650  51  1  0  W  1   347   1  3032  32.93  48    2.36
A1651  60  0  1  J  1  3229   0  6816  28.54  73    2.44
A1652  46  0  1  J  0  3213   0  6708  27.70  63    1.49
A1653  54  1  0  M  1   743   0  7149  38.13  39    1.71
A1654  61  0  0  M  1  2761   1  7341  29.86  61   11.73
A1655  55  1  0  W  1  1271   0  7303  27.13  34    1.70
A1656  53  0  0  M  0  3269   1  5043  24.03  46    2.33
A1657  62  0  0  F  1   297   1  5022  26.57  43    2.01
A1658  52  1  0  M  1  3241   1  7230  31.89  33    2.37
A1659  48  0  1  J  0  3227   0  7585  32.56  41    1.65
A1660  58  1  0  F  0  3183   0  5204  30.52  63    1.66
A1661  50  0  1  J  1   625   0  7073  29.99  46    2.93
A1662  58  0  1  J  0  2220  -1    -1  34.12  62    2.69
A1663  59  1  0  F  1  1305   0  7289  27.20  29    5.69
A1664  58  0  1  J  1  1368  -1    -1  29.30  36    2.17
A1665  52  0  0  M  0  3335   0  6736  21.22  70    0.92
A1666  61  1  1  J  1   981   1  5050  28.33  40    2.70
A1667  57  0  0  F  0  3194   1  6844  21.73  59    2.33
A1668  51  1  0  W  1   434   1  6869  31.70  38    1.20
A1669  54  0  0  W  0  3319   0  7395  30.95  59    3.19
A1670  50  0  1  J  0  3271   1  6424  25.49  34    1.22
A1671  50  1  0  W  1  2023   0  6725  25.82  37    1.11
A1672  50  0  0  M  0  3285   0  6774  21.90 105    0.86
A1673  54  0  1  J  0  3176   0  6893  39.63  65    1.89
A1674  56  1  1  J  0  1022  -1    -1  29.10  65    2.01
A1675  48  1  0  F  0  3201   0  6981  29.43  34    2.80
A1676  49  0  1  J  1   712   0  6891  23.30  77    1.70
A1677  64  1  1  J  1   630   0  7214  30.93  39    3.12
A1678  57  1  0  M  1   617   1  6511  31.38  30    1.85
A1679  52  0  0  F  0  3248   0  7564  22.41  69    5.14
A1680  49  0  0  W  1  2181   1  6600  23.10  29    3.79
A1681  46  0  1  J  1   603   0  7074  29.47  57    3.47
A1682  49  0  1  J  0  3207   0  7157  40.25  74    6.89
A1683  47  0  1  J  1   152  -1    -1  38.84  57    5.61
A1684  53  0  1  J  0  3239   0  6843  60.62  39    3.74
A1685  53  1  0  M  0  3346   0  6962  25.53  38    3.23
A1686  63  0  0  F  1   842  -1    -1  23.21  48    3.11
A1687  59  0  1  J  1  1621   0  6549  33.99  64    3.45
A1688  48  0  1  J  0  1279  -1    -1  24.64  77    2.23
A1689  52  1  0  F  0  3234   0  7074  24.42  43    0.33
A1690  54  0  0  M  1   478   1  1634  35.65  24   23.24
A1691  58  1  0  W  0  3242   1  2789  27.06  38    1.25
A1692  49  0  1  J  0  3128   0  7044  26.90  94    1.36
A1693  45  0  1  J  1  1444   0  6844  38.97  58    4.88
A1694  61  1  1  J  0   976   0  6924  34.04  39    1.06
A1695  54  1  1  J  1  1590   1  2019  36.96  35    3.70
A1696  45  0  1  J  1   350   0  7112  35.65  39    3.55
A1697  57  0  1  J  1   190   0  7178  28.76  59    4.19
A1698  61  0  0  W  1   287   0  6770  36.10  27    4.69
A1699  55  0  1  F  1   768   0  7351  28.41  39    2.94
A1700  49  1  1  J  1   972  -1    -1  37.43  46    8.36
A1701  52  1  0  M  0  3280   0  6721  32.05  35    2.24
A1702  63  0  1  F  1   235  -1    -1  37.46  28   18.07
A1703  51  0  1  F  1    64  -1    -1  31.75  54    1.91
A1704  46  1  0  M  0  3269   0  7470  25.54  43    1.88
A1705  51  0  0  M  0  3225   0  7270  31.52  54    1.27
A1706  51  0  0  M  0  2341  -1    -1  23.37  76    1.21
A1707  64  1  1  J  1   980   1  2865  36.65  30    2.54
A1708  61  0  0  W  0  3296   1  7230  24.63  63    1.39
A1709  59  0  1  J  0  3107   1  6586  32.83 109    3.43
A1710  46  0  1  J  0  3203   0  6871  29.64  68    2.77
A1711  54  0  1  J  0  3457   0  5936  31.50  60    1.76
A1712  52  0  1  J  0  2026  -1    -1  28.86  63    2.41
A1713  53  0  1  J  0  2811   0  7105  37.23  52    4.33
A1714  45  1  0  M  0  2269  -1    -1  36.92  55   22.22
A1715  47  0  0  W  1  1083   0  7519  33.19  39    3.53
A1716  49  0  0  W  0  3213   0  7180  25.11  52    1.14
A1717  58  1  0  M  1  1019  -1    -1  25.24  62    2.12
A1718  57  0  1  F  1  2152  -1    -1  45.55  51    2.66
A1719  46  0  1  J  1  2558   0  6893  37.69  61    2.26
A1720  58  0  0  M  0  3681   0  7067  30.54  31    1.23
A1721  54  0  1  J  0  1002  -1    -1  36.47  63    4.47
A1722  45  0  1  J  0  3108   0  7191  23.35  73    2.57
A1723  56  0  0  M  0  3218   0  7025  26.61  74    1.11
A1724  54  0  1  J  0  1392  -1    -1  37.12  73    2.95
A1725  45  1  0  M  0  3238   0  7081  27.28  43    1.08
A1726  48  0  1  J  1   346   0  6766  27.11  75    1.24
A1727  60  0  1  F  1   750  -1    -1  33.84  51   22.80
A1728  46  0  1  J  0  3150   1  6057  23.59  50    1.14
A1729  48  0  0  F  0  3267   0  7536  19.50  61    1.06
A1730  51  0  0  M  0  3272   0  7015  32.54  69    6.13
A1731  47  0  0  W  0  3245   0  7152  28.15  43    2.55
A1732  51  0  1  J  1   538   0  7038  40.16  59    5.64
A1733  56  1  0  M  1  3176   1  4502  26.58  52    5.25
A1734  55  0  1  J  0  3595   1  1749  25.86  77    0.99
A1735  56  0  0  W  1  2949   0  7124  28.37  57    1.48
A1736  62  1  0  W  0  3235   1  6514  24.06  29    1.15
A1737  46  0  1  J  0  3175   1  3862  32.73  83    0.91
A1738  45  1  0  F  0  2155  -1    -1  24.36  59    5.61
A1739  61  0  0  F  1   899   0  7232  26.13  65    3.19
A1740  45  0  1  J  0  3126   0  6881  23.54  66    1.19
A1741  49  0  0  W  1   277   0  7005  30.04  51    4.27
A1742  51  1  1  J  1  1886  -1    -1  29.46  44    1.92
A1743  58  0  0  F  1   547   1  2200  28.94  39    3.88
A1744  47  0  1  J  0  3114   0  7115  25.52  74    1.20
A1745  61  1  0  W  1  2712   1  5712  27.55  36    4.72
A1746  54  1  0  W  1  1019   0  7289  30.08  26    1.29
A1747  47  0  1  J  0  3151   0  6931  26.61  49    3.20
A1748  57  1  1  J  0  3158   1  4021  24.56  52    2.13
A1749  53  1  1  J  0  3106   0  7130  25.95  41    1.99
A1750  55  0  0  W  0  3290   1  5791  21.68  48    2.38
A1751  49  0  0  F  1   928   0  6961  33.80  45    2.63
A1752  59  1  0  W  1   616   0  6917  26.41  37    2.28
A1753  49  1  1  F  1  2943   0  6850  37.74  70    3.70
A1754  51  1  0  W  1   915   0  7200  22.27  39    1.18
A1755  48  1  1  J  1  2631   0  7194  30.81  40    1.42
A1756  60  1  1  J  1   812  -1    -1  30.40  39    3.34
A1757  50  0  0  W  0  3310   0  7556  27.85  54    2.30
A1758  52  0  1  J  1  1169  -1    -1  28.92  58    0.73
A1759  45  0  1  J  1   816   1  6579  19.43  66    1.61
A1760  45  1  1  J  1   969  -1    -1  26.43  38    0.83
A1761  49  0  1  J  0  2055  -1    -1  25.35  71    1.78
A1762  64  0  1  J  0  3185   1  6225  39.42  53    3.19
A1763  57  1  1  J  1  2066   0  6252  30.68  33    1.77
A1764  49  0  1  J  1  1983   1  5262  27.88  57   18.63
A1765  54  1  1  J  0  2072  -1    -1  26.07  57    1.48
A1766  52  0  1  F  1   494   0  1484  38.22  65    3.14
A1767  63  1  0  W  0  3238   1  5163  28.05  41    2.93
A1768  46  1  0  W  1  3151   0  5148  28.86  23    2.19
A1769  51  0  0  M  1   453   0  7428  25.89  58    4.12
A1770  61  1  1  F  0  3250   1  2891  24.55  53    1.34
A1771  54  0  0  F  0  2095  -1    -1  22.69  57    2.83
A1772  61  0  0  W  0  3237   0  7197  23.10  61    3.30
A1773  52  0  0  M  1  3072   1  3633  22.42  60    1.63
A1774  49  0  1  J  1   616   0  5505  28.04  37    1.03
A1775  50  0  0  M  0  3248   0  4731  23.84  68    2.26
A1776  54  0  1  J  0  3155   0  7520  26.89  67    1.26
A1777  47  1  0  F  1  1431   0  6689  25.91  31    1.25
A1778  58  0  1  J  0  3139   0  6867  22.82  63    1.77
A1779  47  0  1  J  0  3225   0  6506  33.29  77    1.50
A1780  48  0  0  W  0  3221   0  7228  23.21  54    1.09
A1781  51  0  0  W  1   502   1  3839  40.99  42    8.65
A1782  45  0  0  W  0  3365   0  7605  30.66  68    2.81
A1783  55  0  0  F  1   615   1  2682  25.04  56    0.99
A1784  51  0  0  W  1   730   1  6562  36.11  40    3.37
A1785  45  0  1  J  0  2118  -1    -1  37.87  69    3.74
A1786  57  0  0  F  0   995  -1    -1  27.89  33    1.79
A1787  53  1  1  J  1   563   0  7219  28.91  77    0.34
A1788  59  0  1  F  1  1577   0  7030  23.49  55    2.74
A1789  57  0  1  J  1   694  -1    -1  36.02  69    3.20
A1790  52  0  0  F  1  2364   0  6979  25.21  60    1.66
A1791  48  0  1  J  0  3136   0  7380  25.34  39   21.58
A1792  46  0  1  J  0  3437   0  6562  37.17  58    2.35
A1793  64  0  0  F  1  1543   1  6101  40.42  52    1.50
A1794  47  1  1  J  0  3126   0  6767  28.52  52    1.52
A1795  52  0  1  J  0  1211  -1    -1  23.50  44    7.26
A1796  51  0  1  J  0  3235   1  4481  28.58  81    2.33
A1797  51  0  0  M  0  3242   0  6898  26.04  53    2.20
A1798  47  0  1  J  0  1001  -1    -1  27.85 117    3.74
A1799  56  1  1  J  0  1204  -1    -1  26.27  61    4.54
A1800  61  0  0  W  1  3012   0  6970  26.79  38    3.48
A1801  61  0  0  M  1  1239   1  3595  36.40  60    2.51
A1802  51  1  0  F  0  2187  -1    -1  23.74  36   15.54
A1803  59  0  1  J  1    69   0  6751  28.58  33    6.54
A1804  64  0  1  J  1   691   1  3109  28.58  57    3.04
A1805  52  1  0  W  1   818   1  4213  27.71  67    2.18
A1806  50  1  1  J  0  3151   0  7506  25.18  50    2.14
A1807  47  0  0  W  0  3364   0  7239  33.74  43    2.73
A1808  51  0  1  J  1    66   0  7298  35.38  69    1.92
A1809  48  0  1  J  1  1171   0  6563  37.94  42    3.21
A1810  46  1  1  J  0  3329   1  2125  30.43  44    1.40
A1811  53  0  0  F  0  3212   1  6844  25.31  56    2.61
A1812  46  0  0  M  0  1090  -1    -1  28.39  70    2.08
A1813  57  0  1  J  1   426  -1    -1  44.59  46    3.08
A1814  55  0  1  J  0  3140   0  7442  37.06  51    3.25
A1815  64  1  0  W  0  3241   1  4763  29.09  37    3.08
A1816  55  0  1  J  0  3219   0  7548  21.65  52    1.84
A1817  61  1  0  M  1  2813   1   661  25.53  44    5.48
A1818  58  0  0  M  0  3349   1  5181  20.61  60    1.98
A1819  53  0  1  J  1  2619   0  6631  32.46  45    1.61
A1820  46  0  0  W  0  3345   0  6688  24.94  77    1.05
A1821  60  1  0  W  1   791   1  4336  31.29  39    1.77
A1822  56  0  1  F  1   329   1  5462  27.88  50    5.05
A1823  62  0  0  W  0  3233   0  6730  33.84  41    1.94
A1824  51  1  0  F  1  1034   0  7040  28.55  20    3.72
A1825  56  0  1  J  1  1428  -1    -1  31.72  50    1.85
A1826  55  1  1  J  1  1370   1  4317  32.72  52    2.57
A1827  46  1  0  F  0  3226   0  7534  25.64  44    2.53
A1828  60  1  0  M  0  3267   0  6676  27.52  50    1.69
A1829  49  0  0  W  0  3257   0  6694  25.93  57    1.73
A1830  61  1  0  W  1   457   1  2629  42.02  53    3.15
A1831  62  0  0  F  0  3360   1  5143  32.17  46    2.56
A1832  60  0  1  J  0  3279   0  6794  32.20  61    2.11
A1833  48  1  1  J  0  1001  -1    -1  20.53  62    2.24
A1834  53  0  0  W  1   537   1  6520  36.89  54    1.42
A1835  47  0  1  J  1  1899   0  6694  23.26  53    1.01
A1836  50  0  1  J  0  3346   1  3771  37.98  48    3.15
A1837  57  1  0  F  1  1428   1  6470  27.32  50    1.04
A1838  46  0  0  W  1   377  -1    -1  28.77  37    3.40
A1839  51  0  1  J  1  2834   0  6870  24.74  40    2.08
A1840  48  1  0  F  1  1242   1  4949  33.78  58    2.07
A1841  55  0  0  W  0  3293   1  4876  28.94  57    2.00
A1842  62  1  1  J  0  3131   0  6925  23.66  43   11.69
A1843  53  0  0  W  0  3292   0  6674  22.70  70    1.25
A1844  56  1  1  J  1  1088   0  6802  29.01  27    2.05
A1845  64  1  0  F  1   988   1  2543  28.60  50    2.55
A1846  61  0  0  F  1   588   1  4804  29.73  46    3.01
A1847  51  0  1  J  0  1396   0  6657  34.29  54    3.18
A1848  48  0  1  J  1   947  -1    -1  50.33  37    2.81
A1849  52  1  1  J  1  1312   0  7158  30.40  37    1.35
A1850  57  0  0  W  1   697   1  6315  31.39  23    4.42
A1851  47  0  1  J  0  3263   1  5559  33.49  65    1.74
A1852  48  1  1  J  1  2592   1  5221  27.83  53    2.31
A1853  57  0  0  W  0  3248   0  6693  23.01  39    1.29
A1854  45  0  1  J  0  3606   0  6617  36.61  63    2.88
A1855  62  1  0  M  1  2005   1  5578  29.51  47    1.95
A1856  45  0  1  F  0  3125   0  6876  28.40  55    1.08
A1857  54  0  1  F  1   462   1  4112  23.21  76   23.19
A1858  46  0  1  J  0  2056  -1    -1  26.81  69    5.93
A1859  47  1  0  F  1   780   0  6639  25.53  30    4.36
A1860  58  1  1  J  0  3458   1  4163  30.04  51   13.80
A1861  53  0  1  F  1  1445   0  4905  28.58  50    2.59
A1862  50  0  0  M  0  3250   0  6697  19.30  65    0.28
A1863  49  0  0  F  1   697   0  7409  30.39  39    2.50
A1864  46  1  1  J  0  1193  -1    -1  20.20  45    2.62
A1865  59  0  0  F  0  3170   1  3440  33.25  42    3.11
A1866  55  0  0  M  1  2175   0  6766  36.75  59    1.50
A1867  57  1  1  J  1   910   0  6937  31.71  33    5.17
A1868  64  1  0  W  0  3304   1  2771  25.95  61    2.96
A1869  51  0  1  J  1  1892   1  5847  53.09  56    1.99
A1870  54  0  1  J  1  2688   1  4205  33.98  55    1.97
A1871  56  1  0  M  1   176  -1    -1  32.34  49    1.25
A1872  47  0  1  F  0  1013  -1    -1  36.23  38    7.47
A1873  46  1  1  F  1  3052   0  7584  27.83  61    0.69
A1874  61  0  0  M  0  2180  -1    -1  23.02  39    2.29
A1875  56  1  0  M  1   984   1  1905  26.83  58   10.85
A1876  58  0  0  W  1  1248   1  4791  33.44  51    2.56
A1877  47  0  1  J  0  3304   0  7619  26.33  54    2.05
A1878  48  0  0  M  0  3234   0  7092  26.40  65    1.64
A1879  48  0  1  J  0  3559   1  4737  21.19 119    1.68
A1880  47  0  0  W  0  3270   0  6623  33.03  19    2.19
A1881  47  0  0  M  0  3214   1  6608  21.31  48    1.97
A1882  50  0  1  J  1   294  -1    -1  36.83  46    4.54
A1883  53  1  1  J  0  2244  -1    -1  26.35  78    1.39
A1884  64  0  0  F  1  2572   1  1624  30.01  37    2.35
A1885  49  0  1  J  0  3138   0  6372  27.08  65    1.89
A1886  53  0  1  J  0  3158   0  7246  25.73  63    5.30
A1887  59  1  1  J  0  2198  -1    -1  21.41  65    5.17
A1888  49  1  0  W  0  3321   0  6889  28.42  42    1.39
A1889  54  1  0  W  0  3359   1  6017  19.92  51    2.92
A1890  52  0  0  W  0  3245   0  7264  28.25  48    2.14
A1891  52  0  0  W  0  3369   0  7024  26.50  51    1.39
A1892  48  1  0  F  1   112   1  5487  35.86  25    2.23
A1893  57  1  0  W  0  3230   1  2943  26.42  40    2.47
A1894  48  1  1  J  0  1400  -1    -1  36.30  75    2.41
A1895  51  0  1  J  1   125   1  4316  37.52  38    2.51
A1896  54  1  0  M  1  3011   0  7143  31.56  36    2.29
A1897  49  0  0  M  0  3256   1  5567  27.86  57    2.24
A1898  47  1  0  M  1   724   0  6848  34.15  19    2.64
A1899  49  1  0  W  0  3223   0  6794  26.41  35    2.44
A1900  45  0  1  J  1   985   0  6980  24.02  36    1.50
A1901  45  0  0  W  0  3248   0  6669  23.08  50    2.36
A1902  55  1  0  F  0  3210   1  5886  25.06  36    1.30
A1903  59  0  0  F  0  3200   0  6997  21.39  62    0.79
A1904  61  0  1  J  0  2091  -1    -1  24.03  60    1.53
A1905  46  0  1  J  1  2745   0  7536  25.57  53    1.81
A1906  62  0  1  J  1   927   0  6758  29.11  72    1.15
A1907  45  1  0  W  0  3230   1  1232  29.77  39    2.57
A1908  52  0  1  J  0  3115   1  6923  24.40  68    2.51
A1909  59  0  0  W  0  3289   1  2396  28.93  42    1.84
A1910  45  0  1  J  1  1428   0  7190  34.47  45    3.89
A1911  64  0  1  J  0  3107   1  5318  41.39  54    6.69
A1912  45  1  1  J  0  3374   0  6563  35.15  47    8.33
A1913  57  0  0  M  0  3233   0  7408  28.06  61    1.85
A1914  54  0  0  M  1   728   1  4124  33.87  69    1.94
A1915  55  1  1  J  0  3132   0  6806  25.82  52    1.23
A1916  46  0  0  F  1  2768   0  7037  30.61  57    2.14
A1917  62  1  0  W  1   844   1  6339  33.18  60    1.27
A1918  47  0  0  M  0  2181  -1    -1  24.28  76    1.40
A1919  63  0  1  J  1   135  -1    -1  34.29  45    2.46
A1920  56  0  1  J  1  1153   0  7320  30.05  47    9.18
A1921  47  0  1  J  0  3145   0  6895  25.35  81    5.98
A1922  57  0  0  F  0  2191  -1    -1  19.00  42    2.94
A1923  56  0  0  W  0  3291   1  5514  22.75 135    1.00
A1924  61  0  0  W  1  1787   1  6979  36.32  42    2.98
A1925  60  0  0  W  1   217   1   872  31.51  39    2.28
A1926  47  1  0  M  0  3288   1  5399  25.48  46    0.97
A1927  47  0  0  M  0  3267   0  7466  27.86  70    2.37
A1928  55  0  1  J  0  3203   1  4098  23.88  72    4.61
A1929  45  0  0  F  1  2808   1  3446  19.60  62    0.75
A1930  56  1  0  M  0  3301   0  7634  26.24  42   18.74
A1931  51  1  1  J  1  1137   0  6590  24.03  44    1.19
A1932  48  1  1  J  1   234  -1    -1  30.24  39    3.87
A1933  50  0  1  J  1  1298   1  6996  25.81  41    0.97
A1934  56  0  0  F  0  2128  -1    -1  23.91 101    1.39
A1935  53  1  1  J  1  1675   0  7534  31.01  51    1.82
A1936  48  1  0  M  1  2716   0  6940  33.80  35    0.99
A1937  59  0  1  F  1  1909  -1    -1  27.38  43    1.63
A1938  52  0  1  J  0  3124   0  7470  21.92  97    0.52
A1939  51  1  1  J  0  3158   0  6827  26.48  47    0.86
A1940  53  0  1  J  1   860   0  6960  43.71  42    3.76
A1941  58  0  0  F  0  2163   1   864  20.17  60    3.51
A1942  61  0  0  W  1  2253   0  7569  23.44  95    1.74
A1943  56  0  0  W  1  1118   0  7241  33.49  49    6.65
A1944  50  1  1  J  0  3128   0  7054  19.94  73    0.30
A1945  60  0  1  J  1  2072   0  6683  52.38  58    4.58
A1946  59  0  1  J  1   205   0  7605  28.23  63    2.11
A1947  50  1  0  W  1  2548   0  6904  28.47  32    2.93
A1948  46  1  0  W  1  2690   0  6589  30.16  31    2.37
A1949  53  1  1  J  0  3130   0  6962  33.31  42    1.76
A1950  50  0  1  J  0  3136   0  6752  25.18  78    1.19
A1951  63  0  0  W  0  3255   0  6696  23.24  43    2.10
A1952  57  0  0  F  1   476  -1    -1  30.31  31    3.22
A1953  57  0  0  W  1  2783   1  3523  34.50  25    5.07
A1954  49  1  0  M  0  3234   1  6576  28.42  40    1.45
A1955  64  0  0  M  0  3355   1  6518  30.44  76    1.45
A1956  64  1  0  F  1  2655   1  4536  26.12  39    3.23
A1957  54  1  0  W  0  3245   1   662  22.33  35    4.14
A1958  46  0  0  W  0  3240   0  6892  43.52  65    3.03
A1959  50  0  1  J  1   529   1  2822  46.45  28    8.42
A1960  52  1  1  J  0  3163   0  6926  21.86  48    2.04
A1961  56  0  0  W  0  3243   0  7359  30.24  31    3.67
A1962  50  0  1  J  1   895  -1    -1  25.91  33    5.06
A1963  48  0  0  F  1  1796   0  7025  28.57  37    1.29
A1964  54  1  0  W  0  3267   1  5211  27.24  48   17.41
A1965  55  1  0  M  0  3267   0  6668  29.41  44    1.03
A1966  49  1  1  J  0  1161  -1    -1  21.61  57    3.40
A1967  45  0  1  J  0  1037  -1    -1  26.35  54    3.28
A1968  55  0  0  F  1  3021   0  7185  29.69  49    2.65
A1969  53  1  0  F  1  1547   0  7556  23.12  32    0.97
A1970  49  0  1  J  0  1079  -1    -1  27.71  56    0.84
A1971  49  1  0  F  0  3263   0  7414  23.42  53    1.59
A1972  48  0  1  J  1    46  -1    -1  24.22  28    2.00
A1973  53  0  1  J  1   956   0  7396  29.28  50    4.14
A1974  56  0  1  J  1   641  -1    -1  42.59  63    4.85
A1975  53  1  0  F  1  3233   1  2245  26.67  32    3.19
A1976  51  1  0  M  1   595   0  7137  28.77  30    2.43
A1977  51  0  0  M  1  1929   0  6507  31.35  50    2.78
A1978  64  1  1  J  0  1001   1  4884  30.88  41    1.96
A1979  48  0  1  J  1  1119   1  6039  30.31  54    2.28
A1980  57  0  0  M  0  3168   0  6816  38.42  38    4.32
A1981  47  0  0  W  1  2951   0  6785  30.98  34    3.35
A1982  51  1  1  J  1   687   0  7236  31.21  60    0.81
A1983  52  0  0  M  1   815   0  6678  37.88  42    5.35
A1984  52  1  1  J  0  1091  -1    -1  27.52  48    4.12
A1985  62  0  1  J  1  1117   1  4514  41.07  36    6.73
A1986  51  0  0  W  1   101   0  7185  44.34  46    2.52
A1987  46  1  1  J  1   454   0  7366  31.00  59    0.79
A1988  51  0  0  W  0  3283   0  7535  21.29  55    1.14
A1989  53  0  0  M  1   770   0  7033  25.29  44    1.90
A1990  56  1  0  M  1  1521   0  6708  33.03  31    3.92
A1991  49  1  0  W  1   101   1  6314  44.89  31    2.72
A1992  46  0  1  J  1   871   0  6895  45.39  67    2.00
A1993  51  0  1  J  0  3152   0  7035  34.14  46    2.39
A1994  50  0  0  W  0  3295   0  7460  27.85  38    3.69
A1995  47  0  1  F  0  3220   0  6850  41.70  30    3.26
A1996  55  1  1  J  1  2849   0  6808  27.77  37    2.68
A1997  50  0  0  M  0  3330   1  4621  30.34  41    1.09
A1998  58  0  0  F  0  3267   1  6466  20.34  70    4.56
A1999  53  0  1  J  0  1223  -1    -1  32.85  38    2.00
A2000  50  0  0  W  1   377   1  6409  40.68  46    3.78
A2001  45  1  0  W  1  2900   0  6651  33.31  34    5.97
A2002  51  0  0  F  1   918  -1    -1  32.17  49    2.58
A2003  58  0  1  J  1  1089   1  1898  24.99  47    4.55
A2004  47  1  0  F  1  1182   0  7043  32.67  31    1.86
A2005  47  1  0  M  1  2248   0  6711  29.77  28    0.90
A2006  59  0  0  F  1   595   1  7144  23.31  53    3.29
A2007  54  1  0  M  1   964   1  5797  29.01  41   10.09
A2008  53  0  0  W  1  1570   0  7269  21.97  49    2.12
A2009  61  1  0  F  1  1609   1  6935  21.41  43    2.10
A2010  49  0  1  J  0  3187   0  7329  24.86 109    0.70
A2011  52  1  0  M  1  3241   0  6913  31.99  52    4.48
A2012  47  0  1  J  1  1909   0  6914  34.63  98    8.00
A2013  62  0  1  J  0  3152   0  7007  30.03  60    2.25
A2014  49  0  0  W  0  3283   1  5540  23.36  63    2.35
A2015  60  0  0  W  0  3242   0  7190  22.94  67    1.58
A2016  59  1  1  J  0  2072  -1    -1  26.12  69    2.41
A2017  46  1  0  F  1   260   0  5701  28.27  46    2.45
A2018  58  1  0  M  0  3222   0  6743  24.61  50    2.13
A2019  47  0  0  W  1  2983   0  6627  24.08  38    1.88
A2020  46  1  1  F  1  1422   0  6618  32.80  25    1.76
A2021  48  1  0  M  1  2425   0  6982  29.46  38    1.26
A2022  45  1  1  J  1  2461   1  6704  23.67  47    0.06
A2023  57  1  1  J  0  3114   1  4020  28.55  59    0.63
A2024  58  0  1  J  0  3295   0  5670  32.20  49    2.43
A2025  47  0  1  J  1  1882   0  6645  31.55  77    1.74
A2026  59  1  0  W  0  3232   1  2110  21.95  50    1.70
A2027  59  1  0  W  1  2892   1  6168  32.50  40    3.28
A2028  57  0  0  W  0  3279   1  6566  32.16  51    1.31
A2029  57  0  0  M  0  3260   0  7241  24.64  62    0.85
A2030  50  1  0  M  1   518   0  7617  31.15  36    1.61
A2031  60  0  0  W  1  1607   1  2974  26.02  45    2.57
A2032  49  0  0  M  1   444  -1    -1  27.34  53    1.32
A2033  51  1  1  J  0  3131   0  7388  25.50  44    2.10
A2034  54  1  1  J  1  2261   1  3415  27.47  41    1.53
A2035  60  0  0  W  1   465   0  6806  28.95  45    3.40
A2036  46  1  0  F  0  3206   0  6828  27.03  25    1.76
A2037  48  1  1  J  1  1307   0  7157  38.24  47    2.29
A2038  64  1  0  F  1  2897   1  4515  28.20  33    4.59
A2039  63  0  1  J  1  1596   1  5111  29.83  97    1.76
A2040  64  1  0  W  1  2306   1   482  21.17  48    1.53
A2041  47  0  1  F  0  2112  -1    -1  25.15  63    1.20
A2042  50  1  1  F  0  2222  -1    -1  24.54  60    2.99
A2043  47  0  0  W  0  3276   0  7473  28.41  50    1.79
A2044  58  0  1  J  1   516   1  6793  38.23  37    4.22
A2045  57  0  0  M  1  1092   0  5927  38.32  54    3.97
A2046  49  0  0  M  0  3231   0  6903  22.34  65    5.11
A2047  53  1  0  W  1  2594   1  1506  31.02  27    2.70
A2048  51  0  1  J  1  1340   0  6657  37.44  39    2.14
A2049  47  1  0  W  0  3240   0  6765  24.60  44    2.31
A2050  46  1  1  J  0  1845  -1    -1  26.38  54    0.68
A2051  48  1  1  J  1   307   0  7343  29.52  39    1.23
A2052  53  1  0  M  0  3212   0  6835  24.68  53    1.10
A2053  51  1  1  J  1   915   0  7022  27.54  58    1.76
A2054  53  0  1  F  0  3235   0  7270  32.87  87    1.91
A2055  46  0  0  W  1  3016   0  7218  38.41  28    1.48
A2056  47  0  1  F  1  1892   0  7298  25.83  53    3.68
A2057  49  0  0  W  0  3286   0  7585  28.89  56    2.56
A2058  54  1  1  J  0  3272   0  6853  27.21  52    0.99
A2059  57  1  0  F  0  2103  -1    -1  26.85  41    1.44
A2060  51  1  0  M  0  1157  -1    -1  25.24  33    1.87
A2061  45  0  1  J  0  3131   0  6870  27.22  78    0.88
A2062  52  0  1  J  1   288   1  5270  37.49  44    1.93
A2063  47  0  1  J  0  3225   0  7501  24.88  83    2.34
A2064  55  1  0  M  0  3252   0  7242  25.83  76    5.82
A2065  58  0  0  W  0  3296   0  6932  24.20  48    1.41
A2066  46  0  0  W  0  3320   1  3751  21.17  60    5.57
A2067  59  0  0  W  1  3094   0  7589  25.03  56    4.16
A2068  55  1  1  J  1   403   1  2995  30.30  34    1.20
A2069  60  1  0  W  0  3246   1  5766  26.43  50    2.48
A2070  50  1  0  W  0  3266   0  7341  26.26  38    0.92
A2071  49  1  0  W  0  3304   1  1941  28.18  52    1.66
A2072  58  1  0  W  1  3346   1  5501  25.25  39    1.33
A2073  47  0  0  M  0  3244   0  5589  33.40  49    2.42
A2074  56  1  1  J  1   285   1  4758  28.00  39    3.07
A2075  48  0  1  J  0  3529   0  6757  29.58  64   10.10
A2076  54  0  0  W  1  2934   1  5980  28.23  67    1.20
A2077  50  0  1  J  1  1679   1  2819  25.21  61    1.82
A2078  60  1  1  J  1   810  -1    -1  30.78  43    5.13
A2079  51  0  0  M  0  3255   0  6679  24.16 118    0.72
A2080  51  0  0  W  1   137   1   274  31.35  30    3.46
A2081  52  1  0  W  1   598   1  1702  28.38  29    0.43
A2082  60  1  0  W  1   340  -1    -1  27.77  39    1.16
A2083  58  0  0  W  1   240   1   243  49.50  48   17.96
A2084  56  0  1  J  0  3117   0  7135  28.84  81    1.88
A2085  51  1  0  M  1  1198   0  6844  22.49  52    1.49
A2086  57  1  1  J  1  1632   0  5880  34.63  49    2.11
A2087  63  0  1  J  1  1762   1  3297  26.05  61    2.52
A2088  59  1  0  W  1    92   1  4729  34.64  30    2.51
A2089  56  0  1  J  1   822   0  7247  29.68  52    2.40
A2090  49  0  1  J  1    37   0  6647  36.55  60    1.24
A2091  49  0  0  W  1    30  -1    -1  26.25  34    1.47
A2092  58  0  1  J  1   862  -1    -1  34.90  56    2.96
A2093  61  1  0  W  1  1149   1  6518  25.94  25    4.94
A2094  46  0  1  J  0  3924   0  6811  19.05  66    4.14
A2095  49  0  0  W  0  1162  -1    -1  27.88  40    1.76
A2096  64  0  0  W  1  1247   0  6995  29.94  30    5.01
A2097  62  0  0  F  0  3257   0  7155  23.72  63    1.98
A2098  62  0  0  M  1   845   1  1979  21.18  54    1.85
A2099  53  0  1  J  1  3068   1  2556  34.17  54   18.28
A2100  45  0  1  J  1   634  -1    -1  31.28  46    1.82
A2101  57  0  0  W  0  3260   0  7397  28.93  39    2.94
A2102  53  1  0  W  1   380   1  5382  42.98  56    2.49
A2103  54  1  0  W  1  2657   0  6840  43.82  54    5.65
A2104  55  0  0  M  0  3204   1  1837  22.13  53    1.99
A2105  47  1  0  M  0  3257   0   839  25.48  51    7.53
A2106  62  0  0  M  0  3402   0  6907  25.54  42    1.09
A2107  60  0  1  J  1   661  -1    -1  27.22  69    1.73
A2108  53  1  0  M  0  3333   1  6470  33.97  41    1.28
A2109  60  1  0  W  0  3229   0  6700  27.19  47    7.52
A2110  49  1  0  W  0  3296   0  6626  36.60  57    1.73
A2111  56  0  0  W  0  3261   0  7240  30.47  62    3.17
A2112  53  1  1  J  0  2057  -1    -1  25.59  40    1.51
A2113  64  0  0  W  0  3413   1  5410  38.53  65    2.47
A2114  57  0  0  F  0  3223   0  5669  29.64  52    1.78
A2115  50  0  0  M  1   603   0  7038  28.22  68    4.73
A2116  54  0  0  W  0  3262   0  6717  30.31  50    5.92
A2117  50  0  1  J  1  2288   0  6853  34.96  64    3.53
A2118  55  0  1  J  1  2894   0  7534  30.95  59    4.05
A2119  53  1  1  J  1  2885   0  7543  28.82  51    4.68
A2120  57  1  0  M  0  3243   0  7513  27.22  46    1.50
A2121  52  1  0  W  1   633   1  5107  24.81  65   24.26
A2122  62  1  0  W  0  3271   1  6484  25.40  44    2.38
A2123  59  0  0  W  1  2811   1  6016  35.23  49    1.19
A2124  45  0  1  J  0  3248   1  5802  26.52  73    1.21
A2125  54  1  0  F  1   833  -1    -1  26.90  38    3.99
A2126  54  0  1  J  1   360   1  6697  28.91  44    3.79
A2127  49  0  1  J  0  3107   0  6851  26.00  64    1.23
A2128  49  0  1  J  0  3136   0  7161  38.10  47    2.49
A2129  55  0  1  J  0  3162   0  7270  32.79  63    2.58
A2130  54  1  0  F  0  3283   0  6924  26.74  52    1.38
A2131  45  1  1  F  1   756   1  5614  24.10  39    1.84
A2132  46  0  1  J  0  3193   1  7185  28.01  79    1.46
A2133  64  0  0  F  0  3375   1  2335  22.71  60    1.30
A2134  50  0  1  J  0  2044  -1    -1  26.85  63    1.57
A2135  56  0  0  W  0  3284   1  7287  33.35  44    2.92
A2136  50  0  0  M  0  3238   0  7463  22.58  42    1.60
A2137  53  1  0  M  0  3643   0  6732  23.41  64    0.94
A2138  47  1  0  W  0  3249   0  7262  26.23  19    1.10
A2139  45  1  0  M  1   957   1  1066  33.67  38    5.45
A2140  51  0  1  J  1   663   0  7229  28.95  44    3.32
A2141  50  1  1  J  1  3542   0  6668  23.84  51    2.50
A2142  64  1  0  F  0  3308   1  6597  27.51  37    5.01
A2143  63  0  0  W  0  3239   0  6829  22.97  83    0.86
A2144  58  0  0  F  0  3243   0  7283  21.29  76    0.82
A2145  54  1  0  F  0  2093   0  6669  25.35  40    2.66
A2146  58  0  1  J  1  2915   1  4389  38.27  35    2.40
