0   116 
0   116 
0   109 
0    89 
0   114 
0   146 
0   129 
0   157 
0   100 
0   132 
0    95 
0   128 
0   136 
0   141 
0    98 
0    93 
0   126 
0   105 
0   130 
0   116 
0   153 
0    94 
0   114 
0   131 
0   123 
0   130 
0   135 
0   104 
0   113 
0   108 
0   118 
0   126 
0    96 
0   127 
0    91 
0   120 
0   135 
0   127 
0   124 
0   130 
0   106 
0   120 
0   127 
0   102 
0   127 
0   132 
0    96 
0   121 
0    82 
0   143 
0   157 
0    97 
0   113 
0   107 
0   142 
0   137 
0   114 
0   116 
0   141 
0   125 
0   117 
0   161 
0   114 
0   100 
0   129 
0   116 
0   102 
0   102 
0   125 
0   121 
0   104 
0   130 
0   107 
0   116 
0   165 
0   116 
0   103 
0   127 
0   137 
0   111 
0   132 
0   116 
0   130 
0   131 
0   131 
0    97 
0   149 
0   103 
0   114 
0   118 
0   124 
0   136 
0   118 
0   109 
0   112 
0   107 
0    86 
0   110 
0   117 
0   107 
0   110 
0    94 
0   106 
0   135 
0   140 
0   103 
0   114 
0   119 
0   112 
0   112 
0   111 
0   107 
0    99 
0   117 
0   124 
0    94 
0   126 
0   112 
0   100 
0   117 
0   115 
0   121 
0   129 
0   122 
0   146 
0   124 
0   162 
0    93 
0   128 
0   129 
0   122 
0    96 
0   123 
0   125 
0   117 
0   120 
0   109 
0   118 
0   117 
0   126 
0   111 
0   139 
0    96 
0    95 
0    95 
0    97 
0   139 
0   162 
0   112 
0    95 
0    92 
0   145 
0    97 
0   152 
0   118 
0   101 
0   109 
0   124 
0   172 
0   144 
1   185 
1   112 
1   100 
1   127 
1   129 
1   205 
1   146 
1   126 
1   172 
1   122 
1   122 
1   138 
1   151 
1   126 
1   113 
1   183 
1   146 
1   128 
1   100 
1   121 
1   101 
1   122 
1    96 
1   147 
1   140 
1   104 
1   139 
1   103 
1    95 
1   100 
1   145 
1   127 
1    98 
1    86 
1   107 
1   131 
1   114 
1   122 
1   153 
1   156 
